GI
1002095852
1002819366
1009287447
1009427649
1012444299
1013290775
1015809780
1016841132
1016884653
1017207212
1020738721
1023301048
1025734704
1025735499
10304985
1031954481
1032208052
1032208453
1033647303
1034554391
1034554661
1034554721
1034554817
1034555275
1034555351
1034555510
1034555630
1034555685
1034555708
1034556285
1034556700
1034556800
1034556903
1034557075
1034557136
1034557544
1034557798
1034558076
1034558280
1034558330
1034558808
1034559281
1034559498
1034559585
1034559856
1034560049
1034560149
1034560351
1034560477
1034560497
1034560542
1034560596
1034560884
1034561329
1034561380
1034561460
1034561667
1034561768
1034562119
1034562278
1034562371
1034562821
1034562994
1034563038
1034563600
1034563611
1034563671
1034563733
1034565979
1034566446
1034566589
1034566787
1034566980
1034567742
1034567949
1034567953
1034567968
1034567978
1034568175
1034568214
1034568967
1034569163
1034569224
1034569255
1034569841
1034570037
1034571640
1034571881
1034572961
1034573124
1034573835
1034574048
1034574344
1034574611
1034574817
1034575239
1034575643
1034575705
1034576016
1034576153
1034576157
1034576377
1034576381
1034576417
1034578124
1034578141
1034578198
1034578319
1034578356
1034578382
1034578921
1034579057
1034579749
1034579794
1034579813
1034579939
1034580046
1034580275
1034580790
1034581174
1034581854
1034582442
1034582481
1034583500
1034583559
1034583608
1034583614
1034583801
1034583920
1034584112
1034584139
1034584161
1034584261
1034584501
1034584906
1034585114
1034585223
1034586516
1034586524
1034586919
1034587182
1034587446
1034587856
1034587961
1034588045
1034588243
1034588336
1034588371
1034588664
1034589675
1034589815
1034590034
1034590215
1034590289
1034590318
1034590359
1034590368
1034590587
1034590700
1034590709
1034590775
1034591508
1034591532
1034591737
1034591858
1034592066
1034593586
1034593695
1034593746
1034593865
1034593899
1034594077
1034594317
1034594450
1034594460
1034594497
1034594577
1034595996
1034596371
1034597672
1034597702
1034597876
1034598164
1034598196
1034598261
1034598365
1034598546
1034598760
1034598858
1034599580
1034599846
1034599964
1034599978
1034600302
1034600356
1034600639
1034600668
1034600768
1034600835
1034601274
1034601389
1034601406
1034601655
1034602044
1034602354
1034602554
1034602847
1034603388
1034604185
1034604294
1034604361
1034604880
1034604899
1034605010
1034605023
1034605098
1034606177
1034606407
1034606507
1034606871
1034607124
1034607505
1034607709
1034607817
1034607876
1034607920
1034608155
1034608392
1034608613
1034608643
1034609208
1034609464
1034609494
1034609631
1034609860
1034609882
1034609915
1034609929
1034609987
1034610914
1034611113
1034611288
1034611378
1034611435
1034611606
1034611932
1034612074
1034612220
1034612599
1034612639
1034612710
1034613055
1034613175
1034613347
1034613520
1034613950
1034614151
1034614330
1034614430
1034614598
1034614970
1034615067
1034615439
1034616249
1034616269
1034616271
1034616318
1034616519
1034616667
1034616948
1034617014
1034617353
1034617399
1034617604
1034617722
1034617763
1034617897
1034617927
1034618358
1034622766
1034624240
1034624491
1034624946
1034624984
1034625260
1034625265
1034625332
1034625503
1034625846
1034625956
1034626067
1034626092
1034627260
1034627516
1034627530
1034627698
1034627716
1034628109
1034628525
1034628536
1034628916
1034629036
1034629199
1034629690
1034629723
1034629765
1034630605
1034631096
1034631225
1034631321
1034631425
1034631510
1034631760
1034631893
1034632048
1034632071
1034632215
1034632330
1034632487
1034632648
1034632846
1034632958
1034633160
1034633660
1034634037
1034634498
1034634594
1034634623
1034634634
1034634904
1034635502
1034635599
1034636150
1034636290
1034638059
1034638449
1034639160
1034639235
1034639558
1034639754
1034639950
1034640079
1034640219
1034640405
1034640408
1034640473
1034640906
1034641126
1034641529
1034641609
1034641611
1034641677
1034641902
1034643262
1034644324
1034644384
1034644491
1034644558
1034644762
1034645246
1034645547
1034645571
1034645593
1034645720
1034645735
1034645779
1034646271
1034646295
1034646374
1034646479
1034646508
1034647089
1034647808
1034648431
1034648521
1034648666
1034648745
1034648864
1034649251
1034649884
1034649999
1034650021
1034650385
1034650547
1034650609
1034650621
1034650699
1034651101
1034651212
1034651276
1034651447
1034651455
1034651893
1034652243
1034652355
1034653940
1034654315
1034654419
1034654474
1034654662
1034655024
1034655213
1034655230
1034655252
1034655664
1034655765
1034656031
1034656118
1034656418
1034656479
1034656547
1034656584
1034656722
1034657051
1034657272
1034657353
1034657622
1034658279
1034659253
1034659255
1034659453
1034659529
1034659897
1034660080
1034660329
1034660478
1034660488
1034660683
1034660902
1034661127
1034661157
1034661185
1034661837
1034661843
1034661900
1034661998
1034662280
1034663533
1034663755
1034663928
1034664148
1034670520
1034671265
1034671519
1034671743
1034671955
1034671969
1034673308
1034673372
1034673670
1034674146
1034674352
1034674466
1034674476
1034674588
1034674599
1034674844
1034675129
1034675309
1034675392
1034675448
1034675471
1034675473
1034675701
1034675738
1034676336
1034678321
1034678817
1034680272
1034680340
1034682338
1034684433
1034684649
1034685522
1034685754
1034685868
1034687385
1034689086
1034689358
1034689597
1034689605
1034689696
1034690071
1034690622
1034693194
1034693922
1034697001
1034697949
1037405181
1040205728
1041556224
1041556348
1041556676
1041559546
1041560982
1041817984
10434915
10438313
10438518
10439942
1047463005
1047463294
1048348296
1048349515
1049480193
1049880023
1049880039
10503948
1057503260
1061899914
1066543734
1067605037
106879210
1069428500
1073549252
10803057
108250316
10834670
10835133
10835240
108796653
109452597
109730309
109940186
1100130
110347423
11056010
110626177
11066968
110781220
110825963
11119736
11127994
1113020356
1114655575
1115234324
1115538456
111599559
111599835
112180318
1123436903
112421134
112695404
112699106
112702746
113472364
1139421955
114147722
114147756
114155140
114325408
114385712
1145994718
114794651
11496974
11527207
1153683955
115387108
1154664
1159611055
1160578048
1161364
116248533
116292490
116496875
1171341682
1178970250
117956403
1179910193
1180231572
1182607152
1182607163
118341704
118406009
118406025
118406314
118601070
1186227693
1186518006
118764386
118918405
118918423
1189432151
119220588
119395750
119395754
119567836
119568109
119568188
119568249
119568468
119568923
119569169
119569170
119569199
119569233
119569391
119569448
119569510
119569838
119569948
119570741
119570906
119571138
119571178
119571632
119571712
119571812
119571842
119572063
119572071
119572078
119572181
119572282
119572298
119572723
119572830
119572968
119573121
119573211
119573438
119573492
119573497
119573588
119573658
119573672
119573964
119574517
119574559
119574565
119574807
119575149
119575313
119575434
119575453
119576499
119576855
119576913
119577067
119577185
119577274
119577914
119578071
119578112
119578201
119578217
119578291
119578389
119578589
119579118
119579121
119579185
119579338
119579498
119579750
119579837
119579993
119580402
119580633
119580881
119580930
119581006
119581525
119581539
119581574
119581755
119582363
119582442
119582819
119582874
119583303
119583327
119583343
119583467
119583474
119583515
119583891
119584007
119584160
119584180
119584328
119584409
119584943
119585235
119585403
119585954
119586175
119586330
119587610
119587908
119588075
119588192
119588193
119588210
119588250
119588678
119588834
119588852
119589288
119589516
119589936
119589968
119590221
119590405
119590407
119590617
119590704
119591064
119591982
119592112
119592166
119592411
119593281
119593704
119593868
119594238
119594466
119594597
119594775
119594798
119594814
119594843
119594962
119595139
119595166
119595983
119596878
119597090
119597131
119597465
119597552
119597916
119598016
119598703
119599362
119599536
119599561
119599834
119600142
119600189
119600338
119600467
119601084
119601100
119601227
119601630
119601915
119601999
119602088
119602181
119602208
119602351
119602903
119602941
119603680
119603802
119604316
119604470
119604749
119605364
119605589
119605620
119606096
119606369
119606894
119606953
119607000
119607209
119607305
119607381
119608243
119608894
119609323
119609506
119609817
119610069
119610426
119610803
119610956
119611058
119611104
119611601
119611775
119612080
119612101
119612344
119612384
119612451
119612495
119612783
119612811
119612885
119612922
119613388
119613781
119614169
119614238
119614277
119614437
119614518
119614626
119614680
119614868
119615152
119615330
119615590
119615776
119616197
119616219
119616301
119616497
119616887
119617041
119618145
119618149
119618212
119618493
119618567
119618875
119619423
119619585
119619876
119619994
119620123
119620303
119620305
119620447
119620493
119620511
119620702
119620794
119620840
119621268
119621360
119621480
119621635
119621904
119622008
119622047
119622078
119622087
119622500
119622606
119622719
119622822
119622996
119623487
119623503
119624311
119624391
119624398
119624677
119624943
119624991
119625360
119625462
119625660
119625784
119625885
119625920
119626446
119626567
119626629
119626879
119626898
119626989
119627576
119627709
119628028
119628242
119628296
119628461
119629431
119629543
119629858
119630144
119630418
119630442
119630694
119630768
119631019
119631132
119631210
119631352
119631463
119631465
119631584
119631674
119631909
119632077
119632257
119632274
1196397
119850958
120587027
1205999
120660412
1214581241
1214653823
121941799
1227419801
1228317761
122937424
1230839444
1237938094
1237938116
1237938304
1240390596
1241781270
1241781371
1242013517
1243457588
1244518238
1248310694
1248694005
1248694040
1251775589
1258171514
1258500772
126031653
12652741
126634842
1269692115
1270117126
1272616057
1272616559
127802765
1279527334
12803385
1284806200
129561235
12963465
13027612
130370
13096425
1311643
1321391557
1322192
13276486
13276506
1330313
133908621
134031945
134104098
134268640
13436377
13529083
1354453
1362858
13699809
1389764
13938170
13938597
14009667
14149675
14149696
14150128
14194179
14336774
14348900
145207305
14522882
145312241
145585255
145611434
14574568
14575679
145938486
145939619
145977198
14625887
1470323
1470343
14715574
148536855
148733146
148733170
148733184
148733194
1488332
148839378
148922116
14917115
149192855
1502343
150456460
151301211
1515427
15187164
1518806
151946737
151946811
15214429
152206057
15281553
152944425
153792663
154350241
15530273
15559229
156077118
156151417
156151420
15617199
15637447
156546888
156630875
15680034
15680098
15680192
157384152
157384226
157502173
157653329
157694494
15777209
157829343
157829345
157829353
157829433
157834827
1581789
15824269
158256154
15825840
158260175
158261127
158430722
158514360
1585782
158706465
158714369
159162503
159163462
159163671
159164065
159164157
159164296
159164782
15929055
160718586
16075980
16116831
16117056
161376496
1613771
1617111
161727582
161727708
161728280
161761223
1628553
1628569
163792201
164519605
16551574
16566780
16588706
166225912
166235396
166295188
166706749
166795287
16974825
171848702
171848711
172046229
17225294
178847418
17901375
1790880
179409
18027754
180413
1809240
18157651
181965
18204338
18379349
183945
18644892
18874090
189013957
189053
189053757
189053881
189054832
189054864
189065196
189067859
189392
189409315
189417
190565
19110602
19263735
19263944
193244961
193506915
193786309
193786694
193787205
193787484
193787790
193806667
194097347
194239713
194273097
194358810
1943724
194374059
194375714
194376358
194376494
194376942
194377340
194377418
194377436
194377826
194378906
194379246
194379616
194379716
194380734
194380994
194381636
194382166
194384254
194385026
194385828
194386388
194386684
194387188
194387736
194387988
194389972
194391052
194391058
194579757
194719821
19575501
19575669
197291635
197313748
19743823
19773259
19880078
19880131
19913385
19913410
19923667
20070125
20070252
20086429
20143971
20147701
20149680
20150581
20379110
20379535
204306657
205277458
205361109
2072256
20803794
208606622
209364550
20975642
21071021
211829409
212276104
212720946
21307630
21311281
21336082
2135479
2135480
21359918
2135996
214010793
2143254
2148920
215407384
215983058
21619721
21619959
21730330
21749516
21749615
21750346
21752309
21752709
21753866
21754435
21754843
21757383
21757391
218110352
218563684
218766648
21886788
21899846
21899852
219520170
219520206
219521878
21952250
219841942
221042044
221042294
221042866
221043398
221043872
221044176
221044516
221044596
221044848
221136785
221316630
22137761
221625487
222144249
223058
223461643
223890219
224593278
224593754
2246416
224808238
224809295
224983511
225007648
225543288
225734111
226442779
226492892
22655488
226887313
22760682
228008333
229149
229528
229577444
229892328
23097238
232764
23343183
2347133
237167
24041018
241913115
242097658
242381060
24308207
24429572
24659650
247424932
24797153
253722872
253795481
255311776
256600204
257900512
257900533
258588711
2588991
2598946
2598968
260064027
260099635
260166622
260763922
261385666
262359909
2624719
2654679
268375188
26892090
26996840
270265879
27066018
27262626
27348193
27370636
2739501
27436867
2745961
27462076
27477095
27502409
27552394
27650650
27693163
2773042
2773377
27900069
27900256
2808658
2809035
28173560
28193150
28193244
28195394
28195605
28204824
282165701
28274444
282847476
28376652
283945560
28395045
28590
28791
28798799
28799133
28799627
28800003
28800010
28800228
28800281
28800303
28800576
28801179
28801935
28802138
28802161
28802532
288558855
289547636
289547649
291196035
29160220
29243030
294662600
296011069
296317244
296434312
299758458
29983
299890795
300669666
304561979
304562063
304562618
304562884
304563558
304647595
30519894
305410878
306517871
306569733
307067
307200
307498
307568325
307751330
307776246
308153576
308198614
3097312
3107925
311555638
311771625
312336
312596875
314122171
31418049
314991013
315075311
3153385
31563526
31747342
3183117
31873342
31874087
319443276
319996623
320089779
32189392
32307148
323430570
323431583
323432015
323432128
323432297
323432462
323433079
3237299
324021691
3242733
3255965
325910836
326205185
326205447
32699990
327478505
32765857
328942822
3293442
32964823
331284180
332356380
332368049
33239451
3328004
3329384
33317143
33319342
33321913
33338066
333496584
33357073
333805605
333944605
3342794
334359207
334848123
33598929
33872324
339305414
339515660
340764278
340780699
342307069
343082610
343197083
34364859
34364931
343791709
343792045
343792497
343794085
34526272
34526805
34534558
34534643
34535009
34535739
345546797
345916
347316
34740339
34784998
34849883
353253840
353255650
353523825
354686638
3551146
355332859
355333118
355469755
357781
359385708
35959
3646139
36533
365813095
36872
37014303
371445460
371445488
371445566
371445969
371447171
371448478
37181630
37181634
37182446
37182786
373938464
374253794
3747071
375298707
37543279
37694593
377656698
378925625
3789763
37930915
380422416
38258903
38327615
38327625
38371739
38383015
38502011
38502039
38565960
38570054
385843508
386365514
386627
386891
388240801
388604348
388738
3891730
3893223
3893830
38969990
393689128
394025686
39645264
399227458
39930383
399758
400260699
40030896
40031654
40032301
40034185
40035733
40036065
40036644
40037968
40038288
40038441
40038769
40039094
40039096
40039126
40039486
40039836
40039848
40039962
40040148
40040302
40040512
40040872
40040986
40041004
40041080
40041322
40041430
40041432
40041514
40041774
40041792
40041872
40041894
40042298
40042380
40042448
40042600
40042610
40042732
40042984
40043116
40043142
40043374
40043382
40043404
40043660
40043662
40043684
40043688
40043700
40043814
40043878
40043880
40044142
40044204
40044272
40044430
40044566
40044598
40044658
40044666
40044732
40044802
40044840
40044846
40045346
40045692
40045730
40046160
40046232
40046262
40046290
40046320
40046378
40046418
40046462
40046516
40046666
40046696
40047000
40047186
40047198
400977344
401461821
40225452
402747026
4028220
404248663
406508047
40975506
40975534
40975548
40975574
40975578
40975760
40975766
40975776
40975818
40976762
40977022
40977086
40977138
40977148
40977262
40977484
40977632
40977980
40978018
40978794
40978996
40979180
40979612
40979720
40980130
40980372
40980440
40980860
40981266
40981348
40981606
40981756
40981864
40982034
40982080
40982492
40982792
40982988
41393559
41688789
422010899
42490753
42543742
425876766
4261850
42794779
428673536
428698207
429836859
430765482
4323742
4323870
4323990
4324244
4378402
440240
440309857
440575815
440575851
440576077
443428303
444732979
444733059
444733219
444733325
444733369
444733567
444737643
444737883
444737991
444738153
444738297
444738559
444738641
444739151
4454524
4454692
4501885
4502027
4502261
4502341
4502491
4504319
4504517
4505393
4505997
4506301
4507205
4507241
453055534
4530557
4530561
45439333
45502379
45503168
45550060
4557291
4557329
4557403
4557509
4557595
45593142
45597177
45827771
4583535
460239847
460417544
46250025
46250034
46358417
463921
46811736
470484
47060309
47125326
4758646
47678257
47678333
47678557
4768516
477988
478464
47846755
47938198
48145601
48255959
48734878
4885379
4885391
4885543
490142
49259212
495872
497239609
498917301
50054477
50083281
50401072
5070278
507834051
50834396
51011711
51094959
51094964
511630709
51247357
513789380
5138928
51476138
51476900
514830150
5174419
51871367
51873038
519673008
519673672
519674352
52218856
52317257
523309341
52353294
52426735
525313672
52545812
528082092
528281401
530360807
530360929
530365663
530366222
530367753
530367980
530368156
530368214
530370387
530371977
530372682
530373918
530376913
530377771
530379655
530380811
530381720
530381741
530382523
530383222
530386907
530388220
530388682
530389100
530389856
530391261
530393512
530393658
530394299
530400571
530401946
530402083
530402301
530402751
530404363
530405357
530406476
530412779
530416528
530417182
530420415
530422586
530422684
530423399
530424660
530425693
537361036
537368185
53828918
540344521
54038631
543177741
544583486
544711245
5453563
5454052
545477926
545719736
545719804
54607116
546231137
54633180
54696226
54779849
54780484
548962168
549846
550822415
553537
553712
553734
554793787
55670065
55670069
556704015
556710701
557129201
55742678
557804839
558026221
558026241
558482582
55852909
55953112
55956899
55956914
56078799
56243522
562794
563170
563650
56377695
565158
56549109
56554976
566559802
56675551
56675572
56675584
56675585
56675593
56675622
56675641
56675656
5672487
567316134
570359688
571296
5725514
5729864
575403164
578798362
578799442
578800618
578802992
578803631
578805277
578807635
578807678
578811585
578811776
578812025
578813265
578813403
578814787
578815030
578815530
578817975
578818931
578823044
578823704
578825499
578825969
578826036
578826817
578828601
578830263
578831588
578834028
578838123
578838458
578839259
578839879
579832
57997540
5803167
5803221
58177241
5833867
586798132
5869880
5870290
58737077
589908406
5912208
59809017
598232
602434
602617433
604723339
605051986
60552602
608785784
609308
6094679
609876456
61104907
611962643
6120106
612405388
612407784
612407816
613410221
614520446
61680506
61742827
61835232
618466461
62087210
62087294
62087582
62087594
62087758
62087792
62087822
62087926
62087938
62088358
62088428
62088442
62088492
62088526
62088538
62088558
62088562
62088602
62088890
62088988
62089298
62205349
62702130
62738434
62871230
62896495
62896703
629266054
63022067
63055057
63079683
630868304
630869325
63089620
633257787
635172847
635576871
636526419
642374
645912866
6470135
655204416
658310013
661918486
662563711
662565080
66267730
66360368
663856564
6649849
6652549
666335587
672883692
6729930
675082451
675969999
683427538
683437865
6841136
684136402
6841504
6841506
685844859
6912752
699027756
700653505
701165628
7020119
704361107
70798135
71051596
71051598
7106760
7106848
71533989
72067724
72384365
731187793
732170495
732549160
734703977
735997428
73623441
741866094
74711160
74731225
74751087
749197612
75707349
75756584
75765955
760998085
76159293
762041289
764091230
7648497
767892466
767902247
767902427
767902722
767904323
767904501
767904572
767905439
767905917
767906075
767906773
767908134
767910575
767910902
767912443
767912452
767913715
767914567
767914629
767915408
767915570
767916298
767916578
767916849
767916877
767917030
767917173
767918545
767919692
767920357
767922049
767922675
767922901
767922990
767923201
767924170
767924324
767924523
767925779
767926421
767927416
767927663
767927929
767927939
767927977
767929236
767929361
767929386
767930418
767931069
767935559
767936217
767937818
767938154
767938337
767938736
767940184
767940829
767942065
767942671
767943621
767945016
767945127
767945141
767945331
767947327
767947467
767947841
767948893
767950279
767950537
767950658
767951195
767951875
767952721
767953378
767954842
767956259
767957189
767960717
767961558
767962008
767962582
767962747
767962936
767963808
767964042
767965445
767965474
767967421
767967847
767968002
767968064
767968080
767968153
767968327
767968969
767969656
767970007
767970177
767970382
767970690
767971527
767972018
767972070
767973539
767974101
767974259
767975358
767977928
767978122
767978857
767978919
767979491
767979548
767979936
767980445
767980974
767981483
767982067
767982936
767983141
767984016
767984051
767984124
767985346
767987278
767988841
767988907
767989076
767989280
767990408
767990636
767992145
767993599
767994462
767996225
767997440
767998845
768000639
768000761
768000913
768001387
768001669
768002186
768002312
768002492
768002865
768004138
768005179
768007085
768007371
768008449
768009006
768009699
768010028
768010467
768010592
768010611
768011018
768011302
768011367
768011696
768014568
768016385
768016572
768016910
768016916
768021757
768021794
768022848
768022991
768024878
768024935
768025021
768032614
768033227
768037409
768038296
768039178
768039184
768039461
768045252
768056980
76879852
76880480
770339423
7706607
7715914
7718338
77378388
77695914
7770129
77994620
7959885
808348920
808349290
808349440
808349902
808350706
808350748
80861489
80975581
8118221
815065927
815069247
815069442
815084039
815084631
815085785
815093135
816380034
825634
83405659
83754687
83977459
84627537
84797888
85397301
8569497
86577704
86611479
87196339
90017700
90108639
90403040
91208420
91208435
914705209
9246427
929524276
929653757
929653973
929654014
929654062
929663
93007674
93141020
93141031
93278530
9368849
937627680
937627767
940376749
94538357
946926017
950409
950412
950426350
954170022
954170030
955664752
957949713
957950224
957950446
957951574
957951856
960515388
962602486
970385003
970414523
970414561
970598269
970841970
973967052
974031366
974141087
974994979
975830145
983663127
984290546
9844226
984880665
985567536
987386398
987386440
987386448
987386466
987386467
987437912
987482756
988087146
98956352
9910354
9956070
998429262
998613936
